0 2515 3296 3735
1 2 3 2515 2515 2515 3297 3735
4 5 2516 2516 3298 3735
6 7 2517 2517 3298 3736
8 9 2515 2515 3296 3737
10 2515 3298 3737
11 12 2518 2519 3298 3737
13 14 15 2515 2515 2515 3298 3738
16 17 2515 2515 3297 3738
18 19 20 2520 2520 2520 3299 3739
21 22 23 24 2515 2515 2515 2515 3296 3739
25 26 2515 2515 3297 3740
27 28 2515 2515 3300 3741
29 30 31 2521 2515 2522 3301 3741
32 33 34 2523 2524 2525 3302 3741
35 2515 3303 3741
36 2515 3304 3741
37 38 39 2526 2527 2528 3302 3742
40 2515 3305 3742
41 42 2515 2515 3298 3743
43 44 2529 2530 3306 3743
41 2515 3298 3743
45 46 47 2515 2515 2515 3297 3743
48 49 50 51 52 53 2531 2531 2531 2531 2531 2532 3307 3744
54 55 2533 2515 3308 3745
56 2534 3298 3745
57 58 59 2535 2536 2535 3298 3745
60 61 62 2515 2515 2515 3309 3745
63 64 65 66 67 68 69 70 71 2537 2537 2538 2539 2540 2539 2541 2542 2538 3306 3746
72 73 2543 2544 3302 3746
74 75 76 2545 2546 2547 3302 3747
77 78 2548 2515 3302 3748
79 80 2515 2515 3310 3746
81 82 83 2549 2549 2549 3311 3749
84 85 86 87 88 2550 2551 2552 2552 2552 3312 3750
89 90 2553 2554 3312 3751
91 2555 3313 3752
92 93 94 2515 2515 2515 3314 3752
95 96 97 2556 2556 2557 3315 3752
98 99 100 101 2515 2515 2515 2515 3306 3752
102 103 104 2558 2558 2558 3316 3753
105 106 2559 2559 3317 3753
107 36 108 2560 2561 2560 3318 3753
109 110 2515 2515 3319 3753
111 52 112 113 2562 2562 2562 2563 3320 3753
114 115 2515 2515 3321 3753
116 117 118 2564 2564 2515 3322 3753
119 120 2565 2565 3322 3753
121 122 123 124 2515 2515 2515 2515 3323 3753
125 126 127 2515 2515 2515 3323 3753
128 2515 3324 3749
129 2515 3325 3745
130 131 2515 2515 3325 3746
132 133 134 135 2515 2515 2515 2515 3326 3741
136 137 138 2515 2515 2515 3326 3752
139 140 2515 2515 3326 3752
141 142 2515 2515 3327 3740
143 144 2515 2515 3327 3745
145 2515 3327 3752
146 2515 3328 3741
147 148 2515 2515 3328 3744
149 2515 3328 3752
150 151 152 153 2515 2515 2515 2515 3329 3745
154 155 156 2515 2515 2515 3329 3752
157 158 2515 2515 3298 3742
159 160 2515 2515 3330 3739
161 162 163 2515 2515 2515 3330 3746
164 165 2515 2515 3330 3753
166 167 168 169 170 2515 2515 2515 2515 2515 3297 3742
171 172 173 2515 2515 2515 3297 3742
174 175 2515 2515 3306 3739
176 177 2515 2515 3306 3742
178 179 2515 2515 3331 3738
180 181 2515 2515 3332 3752
182 183 2515 2515 3333 3736
184 185 2515 2515 3333 3740
186 187 2566 2566 3334 3753
188 2515 3335 3753
189 190 2515 2515 3335 3753
191 192 2515 2515 3336 3753
193 194 195 196 197 198 199 200 201 2515 2515 2515 2515 2515 2515 2515 2515 2515 3337 3752
202 203 204 205 206 207 2515 2515 2515 2515 2515 2515 3338 3746
208 209 210 2515 2515 2515 3338 3746
211 212 2515 2515 3339 3746
213 214 215 2515 2515 2515 3338 3749
216 2567 3340 3754
217 218 219 220 2568 2569 2570 2569 3322 3754
221 222 2571 2572 3341 3754
223 224 225 2573 2573 2573 3342 3754
226 227 2515 2515 3343 3742
228 229 230 2574 2575 2576 3344 3753
231 232 233 234 235 236 2515 2515 2515 2515 2515 2515 3345 3742
184 237 238 239 2515 2515 2515 2515 3346 3754
240 241 242 243 2515 2515 2515 2515 3347 3753
244 245 2515 2515 3348 3744
182 2515 3348 3744
246 247 2515 2515 3348 3744
248 249 250 251 2515 2515 2515 2515 3348 3744
252 253 2515 2515 3349 3744
254 255 256 257 2515 2515 2515 2515 3350 3746
258 259 260 261 262 2515 2515 2515 2515 2515 3351 3753
263 264 265 47 2515 2515 2515 2515 3352 3753
266 267 268 269 270 2577 2526 2578 2579 2580 3302 3754
271 272 2581 2582 3353 3754
273 274 2515 2515 3309 3754
275 276 2515 2515 3297 3754
277 278 279 280 281 2583 2584 2583 2584 2584 3354 3754
282 283 2515 2515 3355 3753
284 285 286 287 2515 2515 2515 2515 3355 3753
288 289 2515 2515 3310 3755
290 291 2515 2515 3330 3755
292 293 294 295 2515 2515 2515 2515 3356 3755
296 297 298 299 2515 2515 2515 2515 3356 3755
300 301 2515 2515 3357 3755
302 303 304 2515 2515 2515 3357 3755
305 306 307 2585 2585 2586 3358 3755
308 309 310 2515 2515 2515 3326 3755
311 312 313 314 2587 2588 2588 2588 3359 3755
315 316 317 318 319 320 321 322 323 324 325 2589 2589 2589 2589 2589 2589 2589 2589 2589 2589 2589 3328 3755
326 327 328 329 2590 2590 2590 2590 3360 3755
330 331 332 2591 2591 2591 3361 3755
333 334 335 2592 2592 2592 3362 3755
336 337 338 2593 2593 2593 3363 3755
339 340 341 342 158 343 344 2594 2595 2596 2597 2598 2596 2598 3364 3754
345 346 347 348 349 2515 2515 2515 2515 2599 3306 3755
350 351 352 2600 2600 2600 3365 3755
353 354 355 2601 2601 2601 3313 3755
356 357 358 2602 2602 2602 3366 3753
359 360 361 2515 2515 2515 3304 3756
362 363 364 2599 2599 2599 3298 3756
365 366 367 2515 2515 2515 3304 3756
368 369 370 371 372 373 2515 2515 2515 2515 2515 2515 3297 3756
141 374 375 2560 2560 2560 3367 3756
376 377 378 379 380 2603 2603 2603 2603 2603 3368 3756
381 2515 3369 3754
382 382 383 2604 2605 2606 3370 3756
384 385 2607 2608 3370 3756
386 387 388 2609 2610 2611 3313 3756
389 390 391 392 2612 2612 2613 2613 3371 3756
393 394 2599 2599 3333 3756
298 395 396 397 398 399 2614 2615 2616 2615 2615 2615 3372 3756
400 401 402 403 2617 2617 2617 2617 3373 3756
404 405 406 407 2618 2618 2618 2618 3329 3756
274 408 409 410 2599 2599 2599 2599 3297 3757
411 412 413 2619 2620 2620 3374 3756
414 415 299 416 2617 2617 2617 2617 3375 3756
417 418 2515 2515 3330 3757
419 420 421 422 2621 2622 2622 2622 3376 3757
423 2623 3377 3756
424 425 426 427 2624 2624 2625 2625 3377 3756
428 429 430 431 432 2626 2626 2626 2610 2627 3377 3756
433 434 401 435 2628 2628 2629 2629 3377 3756
436 2515 3378 3757
437 438 439 440 441 102 2630 2631 2631 2630 2631 2630 3379 3757
380 442 443 444 445 2632 2632 2632 2632 2632 3379 3757
446 447 2633 2634 3380 3757
448 449 450 2635 2635 2635 3328 3757
418 451 2636 2636 3381 3757
452 453 454 455 2637 2637 2637 2637 3382 3757
456 457 458 2638 2639 2638 3382 3757
459 85 2640 2641 3318 3757
460 461 2642 2642 3383 3757
462 463 464 465 466 467 7 2643 2643 2643 2643 2643 2643 2643 3383 3757
468 469 2515 2515 3321 3757
470 471 472 473 2515 2515 2515 2515 3384 3757
474 475 29 2644 2644 2644 3385 3757
476 477 219 2645 2645 2645 3386 3757
478 479 2515 2515 3387 3757
480 296 2515 2515 3387 3757
481 212 482 483 2646 2646 2646 2646 3388 3757
484 2515 3344 3757
485 486 487 488 489 490 491 2647 2648 2648 2648 2648 2647 2647 3341 3757
492 493 494 2649 2650 2651 3389 3757
495 496 497 2652 2652 2652 3390 3757
498 499 500 501 2653 2653 2653 2653 3391 3757
502 2643 3392 3757
346 503 2599 2599 3306 3757
504 505 506 507 2654 2654 2655 2654 3393 3757
508 509 505 510 511 512 513 514 515 516 517 518 519 520 521 2656 2656 2656 2656 2657 2657 2657 2657 2657 2658 2658 2658 2658 2658 2659 3393 3757
522 523 524 525 2635 2635 2660 2660 3394 3755
526 527 528 2646 2646 2646 3395 3756
529 530 531 2661 2662 2662 3394 3749
532 2663 3317 3757
533 534 535 536 537 2664 2664 2664 2664 2665 3396 3757
538 539 540 2666 2666 2666 3397 3758
541 542 543 304 2667 2667 2667 2667 3398 3757
544 480 2668 2668 3399 3757
545 546 2669 2669 3400 3757
547 495 432 548 2670 2670 2670 2670 3401 3757
549 550 2671 2671 3402 3757
551 552 553 2515 2515 2515 3403 3757
554 555 556 557 2672 2672 2672 2673 3404 3757
558 559 560 2515 2599 2599 3405 3757
561 562 563 564 565 2515 2515 2515 2515 2515 3406 3757
566 567 568 2674 2675 2676 3407 3759
569 570 571 2677 2677 2677 3408 3757
572 573 574 2678 2678 2679 3353 3759
575 576 577 2680 2680 2680 3409 3755
578 579 580 2681 2682 2681 3409 3755
581 582 583 584 2515 2515 2515 2515 3304 3757
585 586 587 2683 2684 2685 3317 3757
588 589 590 2535 2646 2646 3410 3759
591 592 445 2632 2686 2632 3410 3759
593 594 595 2635 2687 2660 3411 3753
533 596 597 598 2688 2688 2689 2690 3412 3759
599 600 2691 2691 3413 3759
601 602 2515 2515 3414 3759
603 604 605 606 607 2515 2515 2515 2515 2515 3415 3757
608 609 610 611 612 613 2692 2693 2693 2694 2695 2696 3327 3759
614 615 616 617 618 619 620 621 622 623 624 625 626 627 628 629 2697 2697 2697 2697 2697 2697 2698 2698 2698 2698 2698 2699 2699 2699 2700 2701 3328 3759
630 631 632 633 2618 2618 2618 2702 3416 3759
634 635 636 2599 2599 2515 3417 3759
637 638 639 2515 2515 2515 3417 3759
640 641 642 2703 2704 2704 3418 3759
643 644 2705 2706 3419 3759
645 646 647 648 2707 2707 2707 2707 3420 3759
649 650 651 2708 2708 2708 3329 3760
652 653 2709 2709 3392 3759
654 655 2710 2515 3298 3761
656 657 2711 2515 3298 3761
658 2515 3298 3762
659 660 2515 2515 3298 3762
156 661 2712 2515 3298 3763
662 663 664 665 2515 2515 2515 2515 3417 3759
666 667 2713 2515 3333 3763
668 2714 3333 3764
669 670 2715 2715 3421 3759
671 672 673 674 675 2716 2717 2718 2716 2717 3315 3759
676 677 678 679 2719 2720 2721 2722 3422 3765
680 681 480 2515 2515 2515 3423 3759
257 682 683 2515 2515 2515 3424 3759
684 685 2515 2515 3425 3765
686 687 688 689 2515 2515 2515 2515 3426 3759
535 690 691 2515 2515 2515 3426 3759
692 693 694 2515 2515 2515 3426 3759
695 696 697 698 699 2515 2515 2515 2515 2515 3426 3759
700 701 409 2515 2515 2515 3427 3759
702 439 2515 2515 3427 3759
480 703 704 2515 2515 2515 3427 3759
705 706 707 2723 2660 2724 3325 3765
708 709 710 711 712 2725 2726 2725 2726 2725 3428 3765
713 714 2599 2515 3297 3765
715 716 2515 2515 3304 3759
717 718 253 2515 2515 2515 3309 3765
719 720 721 699 2515 2515 2515 2515 3304 3765
495 722 723 2727 2727 2728 3429 3759
724 725 2729 2729 3429 3759
726 269 727 2515 2515 2515 3403 3765
728 729 2730 2730 3430 3765
730 731 732 733 2731 2732 2731 2731 3430 3765
734 735 2515 2515 3304 3765
736 737 2733 2734 3431 3765
738 739 740 741 2515 2515 2515 2515 3432 3765
742 743 305 2515 2515 2515 3433 3765
744 745 746 747 748 749 750 2515 2515 2515 2515 2515 2515 2515 3394 3765
751 752 753 754 755 756 2735 2735 2735 2735 2735 2735 3434 3765
757 758 759 2515 2515 2515 3435 3765
760 761 2515 2515 3306 3765
762 763 764 2736 2737 2736 3436 3765
480 765 766 2738 2739 2738 3436 3765
351 767 768 2740 2740 2740 3437 3765
769 535 770 2515 2515 2515 3438 3765
771 772 773 774 2515 2515 2515 2515 3439 3765
775 776 2515 2515 3297 3765
777 778 779 780 781 23 2515 2515 2515 2515 2515 2515 3403 3765
699 167 768 782 2741 2741 2742 2741 3440 3765
783 784 785 2743 2744 2745 3441 3765
786 787 788 789 790 791 792 793 794 795 796 797 798 2746 2747 2748 2748 2749 2750 2751 2752 2753 2754 2754 2755 2747 3442 3765
799 800 801 2515 2515 2515 3443 3765
638 802 803 611 2515 2515 2515 2515 3444 3765
804 805 806 807 2515 2515 2515 2515 3445 3765
269 808 2515 2515 3445 3765
809 790 810 2515 2515 2515 3445 3765
811 812 568 813 814 2515 2515 2515 2515 2515 3445 3765
815 816 817 818 819 820 821 2703 2756 2757 2758 2758 2703 2703 3446 3765
822 823 824 2759 2759 2759 3447 3765
825 782 826 739 2760 2760 2760 2760 3448 3766
827 828 829 2761 2762 2761 3449 3766
830 831 832 2763 2764 2765 3450 3765
833 834 2515 2515 3451 3765
835 836 2515 2515 3452 3765
837 838 839 840 2515 2515 2515 2515 3453 3765
533 841 2515 2515 3453 3765
842 843 535 844 845 2515 2515 2515 2515 2515 3454 3765
535 846 847 848 96 2515 2515 2515 2515 2515 3454 3765
849 850 2515 2515 3455 3765
851 305 223 495 2515 2515 2515 2515 3456 3765
852 853 2515 2515 3456 3765
854 167 480 2515 2515 2515 3456 3765
687 401 855 2515 2515 2515 3457 3765
10 856 857 858 2515 2515 2515 2515 3458 3765
859 860 861 2515 2515 2515 3459 3765
296 862 2515 2515 3459 3765
863 864 2515 2515 3459 3765
269 782 865 246 866 867 2515 2515 2515 2515 2515 2515 3460 3765
184 868 2515 2515 3461 3765
869 870 2515 2515 3461 3765
871 872 873 874 2515 2515 2515 2515 3462 3765
296 875 497 2515 2515 2515 3462 3765
876 299 877 2515 2515 2515 3463 3765
878 879 880 2515 2515 2515 3464 3765
881 2515 3464 3765
882 298 878 2515 2515 2515 3465 3765
883 884 885 2515 2515 2515 3466 3765
886 253 2515 2515 3466 3765
887 888 889 890 2662 2562 2766 2562 3467 3766
891 892 893 894 2767 2768 2769 2770 3417 3766
895 339 896 897 898 2771 2772 2773 2772 2772 3468 3766
885 899 2774 2775 3317 3766
900 901 2776 2777 3469 3766
902 903 2515 2515 3470 3766
904 329 2515 2515 3470 3766
905 906 907 908 2778 2779 2780 2781 3471 3765
909 910 2782 2783 3302 3766
911 912 913 914 915 916 917 918 919 920 2784 2785 2784 2784 2784 2784 2786 2787 2787 2787 3410 3766
921 922 923 2788 2788 2788 3410 3766
924 925 445 2789 2790 2791 3472 3766
926 885 433 927 2515 2515 2515 2515 3403 3766
928 929 930 931 932 933 934 935 936 2515 2515 2515 2515 2515 2515 2515 2515 2515 3403 3766
937 938 939 2515 2515 2515 3473 3759
940 941 942 943 944 2515 2515 2515 2515 2515 3473 3765
945 946 947 948 949 2792 2793 2793 2793 2792 3474 3766
950 951 952 953 954 2794 2795 2794 2794 2794 3474 3766
291 955 956 2796 2796 2796 3475 3766
957 958 959 960 961 962 963 2797 2797 2798 2797 2799 2798 2798 3476 3766
964 965 966 501 2515 2515 2515 2515 3477 3766
967 687 968 687 2515 2515 2515 2515 3478 3766
878 969 970 971 972 2515 2515 2515 2515 2515 3479 3766
973 974 975 976 2515 2515 2515 2515 3479 3766
977 978 979 980 981 2515 2515 2515 2515 2515 3479 3766
982 983 984 985 2800 2800 2801 2800 3467 3766
782 986 987 988 989 864 2802 2803 2804 2803 2805 2803 3404 3766
990 991 992 2618 2618 2618 3480 3766
993 994 2806 2807 3480 3766
995 996 997 2808 2808 2809 3481 3766
998 999 1000 1001 2810 2810 2810 2810 3322 3766
495 1002 1002 2515 2515 2515 3482 3766
1003 1004 1005 2515 2515 2515 3483 3766
1006 902 1007 1008 1009 2515 2515 2515 2515 2515 3483 3766
861 1010 2515 2515 3484 3765
1011 296 2515 2515 3484 3765
1012 1013 1014 2515 2515 2515 3485 3765
1015 1016 1017 1018 1019 1020 2515 2515 2515 2515 2515 2515 3486 3766
480 1021 1022 346 395 1023 2515 2515 2515 2515 2515 2515 3487 3766
1024 1025 2515 2515 3488 3766
1026 1027 697 2515 2515 2515 3488 3766
1028 1029 1028 1030 2515 2515 2515 2515 3489 3766
1031 1032 500 1033 2515 2515 2515 2515 3490 3765
1034 2811 3328 3766
1035 1036 1037 1038 2515 2515 2515 2515 3403 3766
1039 1040 2515 2515 3491 3766
299 1041 881 874 2515 2515 2515 2515 3492 3766
500 402 1042 1043 2515 2515 2515 2515 3493 3766
1044 1045 1046 2515 2515 2515 3494 3766
814 2515 3495 3766
1047 1048 2812 2813 3496 3754
707 1049 1050 2814 2815 2816 3496 3755
1051 1052 2817 2817 3496 3757
1053 1054 2567 2567 3497 3759
1055 1056 1057 2818 2818 2818 3497 3759
1058 840 1059 2515 2515 2515 3498 3766
602 1060 1061 1062 305 1063 2515 2515 2515 2515 2515 2515 3498 3766
1064 1065 2515 2515 3498 3766
878 1066 1067 1068 2515 2515 2515 2515 3498 3766
977 1069 2515 2515 3499 3766
1070 1071 1072 1073 1074 2515 2515 2515 2515 2515 3500 3766
1075 1076 2515 2515 3501 3766
1077 861 1078 2515 2515 2515 3502 3766
739 850 1079 1006 2515 2515 2515 2515 3503 3766
1080 861 1081 1082 2515 2515 2515 2515 3503 3766
1083 1084 1085 1086 1087 778 1088 2819 2819 2819 2819 2820 2819 2804 3504 3766
1089 1090 855 2821 2821 2821 3417 3766
404 433 299 2822 2823 2822 3505 3766
574 1091 2824 2678 3353 3756
204 699 1092 2825 2825 2825 3506 3757
1093 828 2826 2827 3507 3757
1094 1095 1096 2828 2828 2828 3508 3766
535 1097 1098 1099 2829 2830 2831 2829 3509 3766
1100 1101 1002 1102 717 1103 2832 2833 2834 2832 2834 2832 3510 3766
1104 1105 1106 2835 2836 2837 3510 3766
158 1107 1108 1109 2838 2838 2838 2839 3511 3766
1110 1111 2840 2841 3511 3766
1112 1113 2515 2515 3512 3756
782 1114 2515 2515 3512 3756
1115 2515 3513 3766
1116 296 1117 1118 2515 2515 2515 2515 3513 3766
1119 1120 2515 2515 3514 3766
1121 404 686 246 1122 497 626 2515 2515 2515 2515 2515 2515 2515 3515 3766
901 1123 1124 433 2515 2515 2515 2515 3516 3766
1125 724 1126 2515 2515 2515 3516 3766
718 1127 2515 2515 3516 3766
1128 881 2515 2515 3516 3766
246 1129 1130 2515 2515 2515 3516 3766
1131 1132 1133 288 2515 2515 2515 2515 3517 3766
1134 2515 3518 3766
1135 699 2515 2515 3518 3766
1136 1137 2515 2515 3519 3766
1138 1139 1140 1141 2515 2515 2515 2515 3520 3766
1142 1143 2842 2842 3326 3766
1144 1145 1146 1147 1148 2843 2844 2843 2845 2844 3521 3766
1149 1150 2846 2846 3522 3766
1151 495 1152 1153 1154 1155 1156 1157 1158 1159 1160 2847 2847 2847 2847 2847 2848 2848 2848 2848 2848 2848 3523 3766
1161 1162 1163 2849 2850 2849 3524 3766
1164 2851 3525 3756
1165 1166 1167 1168 2852 2853 2822 2853 3526 3757
1169 1170 2515 2515 3527 3739
1171 111 1172 1173 2854 2855 2856 2857 3528 3766
1174 1175 2858 2858 3529 3766
1176 1177 351 2859 2860 2861 3530 3766
1178 1179 1180 1181 1182 1183 2862 2863 2864 2865 2865 2866 3531 3766
1184 1185 1186 2867 2868 2867 3532 3766
1187 1188 1189 2515 2515 2515 3533 3766
1186 697 2515 2515 3534 3766
1190 111 1191 2515 2515 2515 3534 3766
305 1192 1193 1194 2515 2515 2515 2515 3534 3766
901 904 1195 1026 299 2515 2515 2515 2515 2515 3534 3766
526 291 2515 2515 3535 3766
1109 1196 1197 1198 2515 2515 2515 2515 3535 3766
1090 1199 1200 687 2515 2515 2515 2515 3535 3766
602 1201 1121 2515 2515 2515 3535 3766
329 1202 2515 2515 3535 3766
1203 1118 1204 408 2515 2515 2515 2515 3536 3766
1012 395 1205 2515 2515 2515 3536 3766
1206 1207 439 1208 2869 2869 2870 2871 3537 3766
1090 1209 2872 2872 3538 3766
939 1210 1211 2873 2873 2873 3539 3766
1212 1213 1214 2874 2875 2874 3540 3766
782 2515 3541 3758
479 408 1215 277 1216 2876 2877 2878 2878 2876 3542 3767
1217 1218 2515 2515 3543 3738
1219 1220 2515 2515 3544 3767
547 1221 424 401 2515 2515 2515 2515 3545 3766
626 163 1222 1223 2879 2880 2724 2881 3325 3767
1224 1225 337 2882 2883 2882 3340 3767
1226 1227 2884 2885 3546 3767
855 1228 1229 2886 2887 2888 3547 3766
1230 1231 2889 2889 3547 3766
1232 1233 1131 1203 2515 2515 2515 2515 3548 3767
1234 1235 2515 2515 3548 3767
1236 2515 3548 3767
762 699 1237 2515 2515 2515 3549 3767
1238 1239 2515 2515 3549 3767
1240 1241 2515 2515 3550 3767
1242 1243 1244 2515 2515 2515 3550 3767
1245 2515 3550 3767
1246 1247 2515 2515 3550 3767
1248 1249 1239 2515 2515 2515 3550 3767
432 417 1250 2515 2515 2515 3551 3767
1251 298 838 1252 2515 2515 2515 2515 3551 3767
1253 1254 2890 2890 3552 3766
1255 903 1256 2783 2783 2891 3552 3766
879 269 1257 1258 2892 2892 2892 2893 3552 3766
1259 298 1260 2894 2895 2896 3553 3767
1261 1262 1263 1264 2897 2898 2899 2898 3554 3767
1265 1266 1267 1268 1269 2515 2515 2515 2515 2515 3555 3767
739 1270 2515 2515 3555 3767
1271 1272 1273 1274 2515 2515 2515 2515 3555 3767
535 1275 2515 2515 3556 3767
245 1276 1277 1278 2900 2900 2900 2901 3557 3767
1279 1280 1281 2902 2902 2902 3557 3767
1282 1283 903 2903 2903 2903 3557 3767
1284 766 2738 2738 3558 3767
1285 1286 1287 2904 2904 2904 3559 3767
1288 1289 1290 2905 2905 2562 3559 3767
1291 1292 1293 2848 2848 2848 3560 3767
1294 1295 2906 2906 3561 3767
1296 1297 2515 2515 3562 3767
1298 1299 257 2515 2515 2515 3563 3767
712 2515 3563 3767
1300 1301 972 2515 2515 2515 3564 3767
1302 959 1303 2515 2515 2515 3564 3767
1304 1305 2907 2907 3565 3767
1306 1307 1308 1309 2908 2908 2909 2910 3566 3766
1310 1311 53 2911 2911 2911 3566 3766
1312 545 1313 2912 2913 2914 3567 3767
1314 1300 2915 2906 3355 3767
1028 687 1315 1316 2916 2917 2918 2919 3530 3767
1317 1318 1319 2515 2515 2515 3394 3768
1320 1321 1322 58 1323 1324 162 2920 2921 2922 2923 2922 2924 2922 3529 3767
1325 1326 1327 1328 1329 1330 1331 2925 2926 2926 2925 2927 2925 2928 3568 3767
1332 1333 1334 2929 2929 2929 3568 3767
1335 1336 1337 1338 1339 2930 2930 2930 2930 2930 3568 3767
1340 1194 1341 1342 989 418 2931 2932 2932 2933 2932 2931 3569 3767
1343 959 1344 2934 2934 2934 3569 3767
299 703 109 1345 1013 712 2935 2935 2936 2936 2937 2935 3570 3766
501 1346 2938 2938 3570 3766
1347 1348 1349 1350 1351 1352 2939 2939 2939 2940 2940 2940 3570 3766
1353 1354 1355 1356 2941 2941 2942 2941 3571 3768
1357 1358 2943 2943 3530 3767
1359 1360 1361 1362 2515 2515 2515 2515 3572 3767
1363 1364 1365 1366 2515 2515 2515 2515 3572 3767
1367 1368 1369 2515 2515 2515 3572 3767
1370 1371 1198 2515 2515 2515 3572 3767
207 1372 1373 2515 2515 2515 3573 3767
1374 1102 1375 1376 2515 2515 2515 2515 3573 3767
833 1280 1377 1378 2515 2515 2515 2515 3573 3767
329 1379 638 2515 2515 2515 3573 3767
741 1380 2515 2515 3573 3767
1381 496 2515 2515 3573 3767
1124 2515 3573 3767
1294 480 1382 553 2515 2515 2515 2515 3573 3767
1383 1384 1122 2515 2515 2515 3573 3767
1385 1386 1387 1388 2515 2515 2515 2515 3573 3767
1389 1390 1391 1392 2515 2515 2515 2515 3574 3767
1393 1394 1395 1074 2515 2515 2515 2515 3574 3767
1396 1397 1398 1399 2515 2515 2515 2515 3574 3767
1400 257 1401 716 269 2515 2515 2515 2515 2515 3575 3767
299 1402 738 1403 1404 2515 2515 2515 2515 2515 3575 3767
1405 1406 1407 1408 2515 2515 2515 2515 3575 3767
245 1409 1410 2515 2515 2515 3575 3767
1411 1412 1413 1414 1199 2515 2515 2515 2515 2515 3575 3767
977 1372 96 500 1415 2515 2515 2515 2515 2515 3575 3767
1416 109 1417 1418 1124 2515 2515 2515 2515 2515 3575 3767
1419 1420 2515 2515 3575 3767
1421 299 1422 2515 2515 2515 3576 3767
299 1423 1424 637 2515 2515 2515 2515 3576 3767
404 1425 2515 2515 3576 3767
500 1426 687 2515 2515 2515 3577 3767
1427 1428 1429 1430 2515 2515 2515 2515 3578 3767
989 1431 409 2515 2515 2515 3579 3767
409 298 688 2515 2515 2515 3579 3767
1432 2944 3580 3767
1433 1434 1435 2945 2946 2947 3581 3768
1436 1437 2948 2948 3582 3768
1438 1439 2949 2950 3313 3768
1440 2515 3317 3768
1441 1442 1443 2515 2515 2515 3583 3767
1444 1336 1445 2515 2515 2515 3584 3767
1446 1447 1294 2515 2515 2515 3584 3767
862 553 2515 2515 3584 3767
1448 1449 291 861 2515 2515 2515 2515 3585 3767
346 1450 1451 1452 2515 2515 2515 2515 3585 3767
1453 158 2515 2515 3586 3767
1454 855 1455 904 2515 2515 2515 2515 3586 3767
480 133 298 2951 2952 2953 3306 3768
1456 1457 1458 1459 2954 2955 2954 2954 3587 3767
1460 1461 1462 1463 1464 2956 2956 2956 2899 2899 3587 3767
1465 1466 1090 2957 2957 2957 3587 3767
1467 1468 1469 1470 2515 2515 2515 2515 3588 3768
1130 738 1330 2515 2515 2515 3589 3768
1471 1472 1473 1474 2515 2515 2515 2515 3590 3768
1475 2638 3591 3768
1476 636 2958 2958 3504 3768
1477 1478 1330 2515 2959 2515 3309 3767
1479 1480 2960 2960 3592 3768
246 1481 1344 2961 2962 2963 3560 3768
1482 1483 724 1484 1485 1486 2602 2602 2602 2602 2602 2964 3560 3768
1487 1488 1489 1490 843 2515 2515 2515 2515 2515 3491 3768
1491 1492 305 1493 782 1494 2515 2515 2515 2515 2515 2515 3593 3767
1495 1496 1497 1498 2515 2515 2515 2515 3593 3767
424 1499 2515 2515 3593 3767
1500 497 2515 2515 3594 3768
1501 1502 1503 1504 1505 2515 2515 2515 2515 2515 3595 3768
501 423 2515 2515 3596 3767
762 1506 497 2515 2515 2515 3597 3768
1507 288 2515 2515 3597 3768
1508 304 1170 1117 1509 626 298 2515 2515 2515 2515 2515 2515 2515 3598 3768
1372 1510 1511 1512 1513 2515 2515 2515 2515 2515 3598 3768
1514 2965 3301 3768
1515 1516 1517 1518 2966 2966 2967 2966 3297 3768
1519 1520 1521 1522 1523 1524 1525 1526 2968 2969 2739 2970 2968 2968 2971 2972 3599 3768
1527 1528 2969 2969 3600 3768
1529 1530 2973 2594 3329 3768
111 1531 1336 2974 2974 2974 3315 3768
1184 1532 2515 2515 3601 3768
1533 1534 1535 2515 2515 2515 3602 3768
184 1536 1537 1344 1538 2934 2934 2934 2934 2975 3603 3768
1539 1540 1541 861 2515 2515 2515 2515 3403 3768
246 1542 111 2515 2515 2515 3403 3768
1543 1544 1545 1546 2976 2977 2978 2979 3339 3768
1547 1548 626 2980 2980 2980 3604 3768
1549 1550 439 2981 2981 2981 3605 3768
1551 1552 1553 1554 1555 2759 2982 2610 2610 2759 3606 3768
245 219 2983 2983 3446 3768
1556 1557 2984 2985 3607 3768
1558 1559 761 1560 1561 2515 2515 2515 2515 2515 3608 3768
1562 1563 1564 2515 2515 2515 3608 3768
1565 1566 2515 2515 3608 3768
1567 1568 1569 1570 1571 1572 1293 1573 1574 2515 2515 2515 2515 2515 2515 2515 2515 2515 3403 3768
1575 1140 636 1576 2515 2515 2515 2515 3491 3768
329 1577 2986 2986 3609 3769
1578 1465 2515 2515 3610 3768
1462 1579 2987 2987 3611 3768
1580 1377 1581 1464 2988 2989 2990 2988 3611 3768
1582 699 1090 1583 2991 2992 2992 2991 3611 3768
1584 1585 2515 2515 3507 3769
1586 1587 1588 2515 2515 2515 3612 3769
1589 1590 1591 1592 2993 2994 2995 2995 3613 3768
1593 1594 2515 2515 3394 3768
1595 1596 2515 2515 3614 3768
1597 1598 276 2515 2515 2515 3615 3768
739 1599 1303 2515 2515 2515 3615 3768
1600 679 1601 1602 2996 2770 2997 2997 3405 3769
1603 2515 3512 3769
1604 1605 2515 2515 3616 3768
836 1606 2515 2515 3616 3768
1239 2515 3616 3768
1607 1608 1609 1610 2515 2515 2515 2515 3616 3768
1611 1464 2515 2515 3617 3769
1416 1612 1613 2515 2515 2515 3403 3769
1614 2998 3618 3769
1615 1616 2515 2515 3619 3769
1617 1618 1619 1620 1621 1622 1623 1624 1625 1626 2999 3000 2999 3001 3002 3003 3004 3005 3006 3007 3620 3769
1627 298 3008 3008 3620 3769
1628 1598 2515 2515 3621 3769
989 1629 2515 2515 3621 3769
1463 161 1630 1631 1632 1464 3009 2515 2515 3010 3009 3009 3622 3768
1633 1634 3011 3011 3623 3768
298 1090 1635 1636 687 1236 1637 2515 2515 2515 2515 2515 2515 2515 3624 3769
497 1638 401 2515 2515 2515 3625 3769
1626 2515 3625 3769
204 1639 1640 296 2953 3012 3013 2953 3330 3769
1641 1642 2515 2515 3491 3769
1643 1644 1645 1646 1647 3014 3015 3014 3014 3016 3626 3769
1648 1090 3017 2515 3627 3756
158 480 969 3018 2515 2515 3530 3756
846 1649 3019 2515 3530 3744
1650 1651 3020 2515 3530 3749
1652 1653 1654 3021 2515 2515 3530 3749
1655 1656 3022 2515 3530 3739
1657 1658 3023 2515 3530 3741
1090 1659 3024 2515 3530 3746
1660 3025 3627 3765
1661 1236 3026 2515 3530 3755
1662 1663 1664 1665 3027 2515 2515 2515 3530 3749
1666 1667 1668 3028 2515 2515 3530 3744
1669 1670 3029 2515 3530 3741
1653 1671 3030 2515 3530 3754
1672 1673 1674 3031 2515 2515 3530 3757
959 1675 3032 2515 3530 3743
1676 1677 1678 3033 2515 2515 3530 3752
1491 1679 3034 2515 3628 3757
1680 1681 1682 1683 3035 2515 2515 2515 3530 3757
1684 1685 1686 3036 2515 2515 3530 3765
1687 17 3037 2515 3530 3745
1688 1689 1690 1691 3038 3038 3038 3038 3410 3769
1692 1693 1694 182 1695 3039 2515 2515 2515 2515 3629 3766
1696 1697 1698 3040 2515 2515 3629 3767
1209 1699 712 1281 3041 2515 2515 2515 3629 3766
380 1700 1701 3042 3042 3042 3630 3769
1702 1703 1704 1705 1706 3043 2515 2515 2515 2515 3631 3756
1707 1708 1709 1710 1337 1711 3044 2515 2515 2515 2515 2515 3631 3759
1712 1713 1714 1715 3045 2515 2515 2515 3631 3759
535 1716 3046 2515 3631 3765
1717 1718 3047 2515 3511 3753
1719 959 1720 3048 2515 2515 3511 3755
1721 1722 3049 2515 3511 3755
1723 969 1724 1725 3050 2515 2515 2515 3511 3755
44 1671 3051 2515 3511 3756
1465 1124 1671 3052 2515 2515 3511 3756
1726 1727 1728 3053 2515 2515 3511 3759
1729 1730 1731 3054 2515 2515 3511 3759
1732 1733 878 1734 3055 2515 2515 2515 3511 3759
904 1735 1195 1736 1499 1737 3056 2515 2515 2515 2515 2515 3511 3759
1738 1739 1740 3057 2515 2515 3511 3759
535 1734 878 3058 2515 2515 3511 3765
273 1741 3059 2515 3511 3766
404 1742 1743 3060 2515 2515 3531 3753
1627 908 3061 2515 3632 3746
1744 1745 3062 2515 3632 3754
1746 439 1747 1748 3063 2515 2515 2515 3632 3756
1749 1750 602 3064 2515 2515 3632 3759
1751 1752 1753 1754 1755 3065 2515 2515 2515 2515 3632 3765
1756 1757 1758 1759 1034 1760 1761 3066 2515 2515 2515 2515 2515 2515 3632 3765
480 1762 3067 2515 3632 3768
1763 1764 3068 2515 3633 3746
1765 1766 1767 3069 2515 2515 3634 3765
1768 1769 1770 320 2515 2515 2515 2515 3428 3769
1771 840 1772 3070 2515 2515 3635 3765
1494 1773 441 1774 3071 3072 3072 3071 3384 3769
1775 1776 3073 2515 3636 3743
1777 1778 3074 2515 3636 3746
1779 836 1780 1078 3075 2515 2515 2515 3636 3752
1781 1782 3076 2515 3636 3755
1783 1784 3077 2515 3636 3755
1785 1786 1787 3078 2515 2515 3636 3755
111 1464 3079 2515 3636 3756
1788 1391 1789 3080 2515 2515 3636 3757
1790 1791 1792 1793 3081 2515 2515 2515 3637 3744
1794 1336 3082 2515 3637 3745
1795 1796 1797 3083 2515 2515 3637 3756
1798 111 3084 3084 3638 3769
280 348 3085 2515 3639 3755
1799 1800 1801 1802 3086 2515 2515 2515 3639 3759
1803 111 173 1773 3087 2515 2515 2515 3639 3765
1804 1805 1770 3088 2515 2515 3639 3742
253 1806 1384 2825 2825 3089 3640 3749
142 2515 3303 3768
1807 1327 1808 3090 2515 2515 3641 3756
904 1809 3091 2515 3529 3746
1810 1811 1812 3092 2515 2515 3529 3757
1813 1814 3093 2515 3529 3757
1815 729 2515 2515 3529 3757
1816 2515 3529 3757
1817 1818 2515 2515 3529 3757
40 2515 3529 3757
1819 2515 3529 3757
1820 1821 2515 2515 3529 3770
1822 1823 2515 2515 3529 3757
1824 1825 3094 2515 3529 3757
1826 1827 3095 2515 3529 3757
1828 1829 1830 881 3096 2515 2515 2515 3529 3759
1831 1832 1833 3097 2515 2515 3529 3759
1834 1835 1683 3098 2515 2515 3529 3765
15 1836 1837 1838 1839 3099 2515 2515 2515 2515 3529 3768
1840 1841 1842 3100 2515 2515 3529 3757
1843 1844 1845 3101 2515 2515 3529 3736
1846 1847 3102 2515 3642 3745
1848 1849 3103 2515 3642 3746
245 1850 3104 2515 3642 3749
1139 1851 1852 1853 3105 2515 2515 2515 3642 3749
1854 1855 274 1856 3106 2515 2515 2515 3642 3753
1857 1858 1859 1639 3107 2515 2515 2515 3642 3754
1853 1860 96 1853 1861 3108 2515 2515 2515 2515 3642 3756
1862 1192 1863 1864 3109 2515 2515 2515 3642 3757
1865 804 1866 1867 1868 3110 2515 2515 2515 2515 3642 3759
1029 1869 3111 2515 3642 3765
1863 1861 3112 2515 3642 3766
1138 1096 535 3113 2515 2515 3642 3766
1688 1870 3114 2515 3642 3766
963 1871 1872 1873 1874 3115 2515 2515 2515 2515 3642 3740
1875 1876 1861 2515 2515 2515 3643 3768
498 1862 2515 2515 3643 3768
1877 243 1878 1879 1880 1881 2515 2515 2515 2515 2515 2515 3644 3753
1027 1882 1883 3116 2515 2515 3644 3754
554 555 556 1884 3117 2515 2515 2515 3644 3757
1885 1886 1887 2515 2515 2515 3644 3739
1888 1889 1890 1891 1892 3118 2515 2515 2515 2515 3644 3759
1893 1894 3119 2515 3644 3741
1895 1896 3120 3120 3506 3753
1897 1898 1899 1900 3121 2515 2515 2515 3509 3757
1901 1902 1903 3122 2515 2515 3509 3757
1904 1905 3123 2515 3509 3757
1906 1907 3124 2515 3509 3757
1908 1909 2515 2515 3509 3757
1910 1911 2515 2515 3509 3757
385 1912 2515 2515 3509 3757
1913 1176 329 3125 2515 2515 3509 3757
716 991 3126 2515 3509 3757
1914 1915 1916 1917 1918 376 1919 3127 2515 2515 2515 2515 2515 2515 3509 3757
1920 1921 3128 2515 3509 3757
1922 1923 3129 2515 3509 3757
431 1924 1925 1384 1926 3130 2515 2515 2515 2515 3509 3759
1927 1928 3131 2515 3509 3759
1929 1930 3132 2515 3509 3757
1301 1931 1932 1874 1933 3133 2515 2515 2515 2515 3509 3759
672 1934 675 176 3134 2515 2515 2515 3509 3759
1935 1936 3123 2515 3509 3757
1937 1938 1939 3135 2515 2515 3509 3765
1940 1941 1942 3136 2515 2515 3509 3765
1896 1943 1944 3137 2515 2515 3509 3768
1945 225 1946 3028 2515 2515 3509 3757
1947 1948 1949 3055 2515 2515 3509 3757
1950 1951 1952 3138 2515 2515 3509 3757
1953 1954 158 404 3139 2515 2515 2515 3509 3757
1955 388 3140 2515 3509 3757
1956 1936 3123 2515 3509 3757
1957 1958 2515 2515 3645 3757
878 111 3141 2515 3645 3757
1959 1960 1961 3142 2515 2515 3645 3757
1962 1963 1964 3143 2515 2515 3645 3757
760 1965 1966 3144 2515 2515 3645 3757
1853 1967 3145 2515 3645 3757
1968 1969 1970 1971 944 1972 3146 2515 2515 2515 2515 2515 3645 3757
1973 1974 3147 2515 3645 3757
1975 276 1976 1977 1978 1979 1590 3148 2515 2515 2515 2515 2515 2515 3645 3757
845 1980 182 1139 3149 2515 2515 2515 3645 3757
1981 141 3150 2515 3645 3757
1982 1983 1984 1448 1985 3151 2515 2515 2515 2515 3645 3759
1986 1987 1988 1989 1990 1991 1992 1993 3152 2515 2515 2515 2515 2515 2515 2515 3645 3757
1994 1995 1337 296 3153 2515 2515 2515 3645 3768
1996 1997 1998 3154 2515 2515 3645 3757
1999 2000 3155 2515 3510 3746
2001 2002 2003 3156 2515 2515 3510 3754
2004 2005 2006 3157 2515 2515 3510 3754
288 2007 3158 2515 3510 3756
2006 2008 2005 3159 2515 2515 3510 3757
635 2009 3160 2515 3510 3759
2010 2011 3161 2515 3510 3768
296 2012 3162 2515 3510 3742
2013 207 3163 2515 3528 3746
1785 2014 2015 3164 2515 2515 3528 3752
2016 2017 2018 3165 2515 2515 3528 3759
2019 305 2020 902 246 1359 479 3166 2515 2515 2515 2515 2515 2515 3528 3759
977 2021 495 2022 1331 3167 2515 2515 2515 2515 3528 3765
439 1675 3032 2515 3528 3740
2023 2024 2025 2026 2027 2028 2029 2030 2031 1605 2032 2033 2034 2035 2036 1209 3168 2515 2515 2515 2515 2515 2515 2515 2515 2515 2515 2515 2515 2515 2515 2515 3528 3767
2037 852 2038 1481 2515 2515 2515 2515 3646 3769
441 2039 2040 2041 2515 2515 2515 2515 3317 3769
2042 2043 2044 3169 2515 2515 3647 3744
2045 2046 2047 2048 2049 2050 2051 3170 2515 2515 2515 2515 2515 2515 3647 3749
1416 2052 3061 2515 3647 3752
2053 2054 2055 3171 2515 2515 3647 3752
2056 2057 3172 2515 3647 3754
2058 2059 3173 2515 3647 3755
843 2060 1853 2061 2062 3174 2515 2515 2515 2515 3647 3756
2063 2064 2065 2066 3175 2515 2515 2515 3647 3757
2067 2068 3176 2515 3647 3765
329 2069 2070 3031 2515 2515 3647 3765
1005 2071 1126 3141 2515 2515 3647 3741
2072 2073 2074 2075 3177 2515 2515 2515 3648 3741
2076 2077 3178 2515 3529 3769
1739 2078 2079 3179 2515 2515 3530 3769
2080 2081 2082 2083 3180 2515 2515 2515 3649 3768
2084 2085 2086 3181 3181 3182 3650 3769
2087 2088 994 3183 3183 3183 3651 3769
2089 2090 2091 2092 2562 2562 3184 3184 3652 3769
602 2093 2094 2515 2515 2515 3403 3769
1468 1491 535 2515 2515 2515 3403 3769
404 2095 2096 2928 2928 2928 3653 3769
2097 2098 291 1118 2515 2515 2515 2515 3654 3769
1046 687 1283 2515 2515 2515 3654 3769
12 2803 3655 3769
152 718 2099 2515 2515 2515 3656 3769
2100 1020 2101 2102 2103 246 2515 2515 2515 2515 2515 2515 3656 3769
2104 2105 2106 2107 2108 2515 2515 2515 2515 2515 3657 3769
861 2109 2110 3185 3185 3185 3447 3769
2111 2112 1077 2113 344 3186 2992 2992 3186 2992 3658 3769
2114 2115 2116 2117 2118 2119 2515 2515 2515 2515 2515 2515 3659 3769
833 687 2120 2121 2515 2515 2515 2515 3660 3769
1562 246 1739 1739 2515 2515 2515 2515 3660 3769
878 1028 969 2122 2515 2515 2515 2515 3660 3769
878 207 2123 2515 2515 2515 3660 3769
688 2124 2125 2515 2515 2515 3661 3769
253 2126 2127 2515 2515 2515 3661 3769
329 1906 2515 2515 3662 3769
1296 2128 2515 2515 3662 3769
2129 2130 2515 2515 3663 3769
296 2131 299 2515 2515 2515 3664 3769
2132 1762 697 2515 2515 2515 3664 3769
2133 1785 2134 2135 3187 3187 3187 3187 3665 3769
2136 2137 2138 2139 3188 3188 3189 3189 3320 3769
626 2140 1426 1331 2141 3190 3191 3191 3192 3191 3666 3769
2142 2143 2144 2515 2515 2515 3667 3769
2145 959 2146 1750 3193 3193 3193 3193 3668 3769
2147 2148 2149 2150 3194 3194 3194 3195 3669 3769
2151 299 2152 3196 3196 3197 3670 3771
2153 2154 2515 2515 3403 3769
329 1082 423 2515 2515 2515 3671 3769
2155 2156 2515 2515 3671 3769
2157 1184 2158 2515 2515 2515 3671 3769
2159 2160 2161 878 3198 3198 3199 3198 3330 3769
2162 879 158 1090 2163 2164 2515 2515 2515 2515 2515 2515 3672 3769
296 526 2165 401 2515 2515 2515 2515 3672 3769
1431 2166 2515 2515 3673 3769
2167 288 439 2515 2515 2515 3673 3769
2168 828 1416 2515 2515 2515 3673 3769
2169 2170 2171 2515 2515 2515 3673 3769
699 812 2515 2515 3673 3769
497 904 2172 2515 2515 2515 3673 3769
2173 403 1128 1010 3200 3200 3200 3200 3506 3771
2174 2175 2176 2729 2729 2729 3674 3769
697 2177 3201 3201 3313 3771
1067 2178 2179 3202 3202 3202 3675 3771
2180 2181 3203 3203 3676 3771
2182 257 1090 298 2515 2515 2515 2515 3677 3769
2183 2184 879 2515 2515 2515 3677 3769
2185 2515 3678 3769
1771 718 2515 2515 3679 3769
2186 2187 1069 2515 2515 2515 3680 3769
2188 1481 877 1444 2515 2515 2515 2515 3680 3769
699 1294 1245 2515 2515 2515 3681 3769
2189 2190 2191 2192 2193 2515 2515 2515 2515 2515 3681 3769
703 2194 2515 2515 3681 3769
904 2195 2515 2515 3682 3769
277 1028 1415 2515 2515 2515 3683 3769
1028 2515 3683 3769
2196 2515 3683 3769
2197 2198 2199 2200 337 2515 2515 2515 2515 2515 3450 3771
2201 2202 2203 2204 3204 3205 3204 3206 3410 3771
2205 2206 2207 2208 2209 2210 3207 3208 3209 3207 3210 3207 3684 3771
2211 2212 521 2213 2515 2515 2515 2515 3685 3771
2214 1171 2215 2515 2515 2515 3685 3771
2216 2217 2218 2219 2220 2515 2515 2515 2515 2515 3685 3771
2221 553 2515 2515 3686 3771
1749 2515 3687 3769
1124 2515 3688 3771
2222 2223 2224 2225 2515 2515 2515 2515 3689 3769
861 2226 2227 2228 2515 2515 2515 2515 3690 3769
298 2229 2515 2515 3690 3769
2230 2231 2232 2515 2515 2515 3690 3769
2233 626 738 2515 2515 2515 3690 3769
2234 2235 2236 2515 2515 2515 3690 3769
699 687 2515 2515 3690 3769
2237 1090 2515 2515 3690 3769
2238 2239 2240 2241 2515 2515 2515 2515 3690 3769
1105 1384 2242 2243 2244 1245 2515 2515 2515 2515 2515 2515 3690 3769
1359 111 2245 2246 2515 2515 2515 2515 3691 3769
703 430 2515 2515 3691 3769
2247 480 401 2515 2515 2515 3691 3769
2248 2249 2250 2515 2515 2515 3692 3769
2098 2188 2251 2252 2253 2515 2515 2515 2515 2515 3692 3769
2254 2255 1171 2256 1140 3211 3212 3212 3212 3211 3325 3771
2257 2258 2259 2260 3213 3214 3215 3213 3504 3771
2261 1739 2262 2263 2264 2265 2266 2267 2515 2515 2515 2515 2515 2515 2515 2515 3403 3771
1494 1373 1296 1105 2515 2515 2515 2515 3693 3771
855 2268 1835 320 697 641 3008 3008 3008 3008 3216 3217 3582 3771
2269 2270 2271 3218 3218 3219 3694 3771
2272 2273 3220 3221 3302 3771
2274 2275 3222 3222 3695 3771
2276 2277 2278 2279 3223 3224 3223 3225 3695 3771
2280 257 433 2281 3226 3227 3227 3228 3695 3771
2282 2283 2284 2285 2286 2287 3229 3230 3230 3231 3230 3229 3695 3771
1090 271 274 246 1068 2515 2515 2515 2515 2515 3696 3771
111 2288 2289 2941 3232 2941 3315 3771
2290 2291 2292 2293 3233 3234 3233 3235 3697 3769
2294 2221 826 2515 2515 2515 3698 3771
2295 2296 2297 2515 2515 2515 3699 3771
2298 2299 2300 2301 2302 2303 2515 2515 2515 2515 2515 2515 3700 3771
2304 2305 2306 2307 2308 2515 2515 2515 2515 2515 3700 3771
215 2309 2694 3236 3581 3771
2310 688 1416 2600 2600 2600 3701 3771
1377 2311 2312 3237 3238 3239 3702 3771
2313 2314 2515 2515 3448 3771
2315 2316 2317 2318 2822 3240 3240 3240 3703 3771
2319 2320 484 2321 2322 3241 3241 3241 3242 3242 3703 3771
2323 2324 2325 2326 3243 3244 3243 3245 3703 3771
2327 2328 2329 2515 2515 2515 3704 3771
2330 2331 2332 2333 3246 3247 3247 3247 3592 3771
497 2334 2515 2515 3705 3771
2335 1138 2336 2337 2515 2515 2515 2515 3706 3771
683 2240 1012 861 2515 2515 2515 2515 3706 3771
111 2338 2339 1757 2340 2515 2515 2515 2515 2515 3706 3771
2341 2342 2343 2344 470 2345 3248 3249 3248 3248 3250 3251 3449 3771
2346 2347 2348 2349 2350 2351 3252 3253 3254 3255 3255 3252 3471 3771
2352 2353 2354 2515 2515 2515 3428 3771
2355 2356 2357 3256 3257 3257 3676 3771
2358 2359 2360 2515 2515 2515 3707 3772
2361 2362 2363 2364 2365 3258 3259 3260 3261 3261 3447 3771
2366 2367 2368 687 2515 2515 2515 2515 3609 3772
2369 2370 2371 2372 10 2373 2374 2375 3262 3263 3264 3265 3266 3267 3268 3269 3708 3772
2376 2377 2378 2379 245 3270 3270 3270 3270 3270 3708 3772
1320 2380 2381 2382 2383 3271 2635 3271 2635 3271 3709 3771
253 1676 1013 1441 2384 2515 2515 2515 2515 2515 3512 3771
988 2385 2386 2387 2515 2515 2515 2515 3710 3771
2020 1105 1009 2388 2389 1090 2515 2515 2515 2515 2515 2515 3711 3771
1861 274 2515 2515 3711 3771
2390 699 2515 2515 3711 3771
2391 853 2515 2515 3712 3771
688 2392 879 1077 2393 2394 2515 2515 2515 2515 2515 2515 3712 3771
1336 2395 2515 2515 3712 3771
2396 2397 275 2515 2515 2515 3713 3771
480 152 687 2398 2515 2515 2515 2515 3713 3771
1239 2399 1239 2400 2515 2515 2515 2515 3714 3771
2401 2402 2403 2404 2515 2515 2515 2515 3715 3771
2405 2406 2515 2515 3716 3771
429 1283 2515 2515 3716 3771
876 2407 2408 2409 2515 2515 2515 2515 3716 3771
2410 879 699 2411 2515 2515 2515 2515 3716 3771
2412 2413 246 2515 2515 2515 3716 3771
2414 2415 2416 2417 2418 2419 2515 2515 2515 2515 2515 2515 3716 3771
859 2420 362 2421 2515 2515 2515 2515 3716 3771
2422 861 699 1372 2515 2515 2515 2515 3717 3771
1089 433 2423 1929 2515 2515 2515 2515 3717 3771
731 732 2424 3272 3272 3273 3410 3772
2425 2426 3274 3274 3410 3772
2427 2428 2429 2430 2431 2432 3275 3276 3275 3277 3278 3275 3718 3772
969 2433 479 2515 2515 2515 3619 3772
1002 2434 2435 2515 2515 2515 3619 3772
329 2411 2515 2515 3719 3772
2436 2437 2438 2439 2440 2441 2515 2515 2515 2515 2515 2515 3710 3771
304 2442 298 2515 2515 2515 3696 3772
1117 2443 2515 2515 3720 3772
2444 1605 2445 2446 2515 2515 2515 2515 3646 3772
2447 3279 3307 3771
1002 2448 703 878 2515 2515 2515 2515 3721 3771
2294 2449 2515 2515 3721 3771
2450 2451 2515 2515 3722 3771
2452 2453 2454 2455 2341 2456 2515 2515 2515 2515 2515 2515 3722 3771
2457 2458 2515 2515 3722 3771
2459 1465 2515 2515 3723 3771
699 567 2515 2515 3723 3771
2460 2461 2462 2463 3280 3280 3280 3281 3504 3772
296 1603 2020 2515 2515 2515 3448 3772
2464 1653 158 329 2465 2515 2515 2515 2515 2515 3506 3772
2466 2467 1236 2468 2469 2470 2988 2988 2988 2988 2988 2988 3724 3772
2471 697 2515 2515 3720 3772
2248 1928 2472 2515 2515 2515 3725 3772
2473 2474 1102 2475 2515 2515 2515 2515 3609 3772
2476 2477 986 3282 2928 2928 3724 3772
298 2478 1013 2479 3283 3284 3283 3285 3560 3772
2038 111 2480 1283 2907 2907 2907 2907 3607 3771
1849 400 297 2515 2515 2515 3726 3772
2481 977 2246 276 2515 2515 2515 2515 3727 3771
2482 2483 2515 2515 3728 3771
298 1102 2515 2515 3729 3771
2484 2485 2486 2487 2488 2515 2515 2515 2515 2515 3729 3771
2338 1310 2489 2515 2515 2515 3729 3771
2490 2491 2492 2493 2494 2495 2515 2515 2515 2515 2515 2515 3730 3772
1713 878 1466 2496 2515 2515 2515 2515 3512 3772
1950 1194 3286 3286 3665 3772
2497 2498 2499 2500 2515 2515 2515 2515 3731 3771
2501 305 2502 868 1595 3287 3288 3289 3289 3287 3504 3772
2503 2504 3290 3290 3328 3772
2505 2506 2507 2508 3291 3292 3291 3293 3732 3772
1466 2509 2510 2511 3294 3294 3294 3294 3732 3772
1122 141 299 1555 3295 3295 3295 3295 3733 3772
1397 2515 3734 3771
1186 2512 2515 2515 3734 3771
2513 2514 2515 2515 3734 3771
